4294967294,1082
4294967294,822
4294967294,903
4294967294,825
99,5
99,4
99,3
99,2
99,1
99,0
98,4
98,3
98,2
98,1
98,0
4294967294,1081
97,5
97,4
97,3
97,2
97,1
97,0
96,4
96,3
96,2
96,1
96,0
95,4
95,3
95,2
95,1
95,0
94,5
94,4
94,3
94,2
94,1
94,0
93,4
93,3
93,2
93,1
93,0
4294967279,325
92,4
92,3
92,2
92,1
92,0
4294967294,1080
91,5
91,4
91,3
91,2
91,1
91,0
4294967279,324
90,4
90,3
90,2
90,1
90,0
4294967294,1079
89,5
89,4
89,3
89,2
89,1
89,0
88,4
88,3
88,2
88,1
88,0
87,4
87,3
87,2
87,1
87,0
4294967279,323
86,5
86,4
86,3
86,2
86,1
86,0
85,4
85,3
85,2
85,1
85,0
4294967279,322
84,4
84,3
84,2
84,1
84,0
4294967279,321
83,4
83,3
83,2
83,1
83,0
82,4
82,3
82,2
82,1
82,0
4294967279,320
4294967278,390
4294967294,1078
4294967278,389
4294967278,388
81,5
81,4
81,3
81,2
81,1
81,0
80,4
80,3
80,2
80,1
80,0
4294967294,1077
79,4
79,3
79,2
79,1
79,0
78,4
78,3
78,2
78,1
78,0
4294967294,1076
4294967278,387
4294967278,386
77,6
77,5
77,4
77,3
77,2
77,1
77,0
4294967294,1075
76,5
76,4
76,3
76,2
76,1
76,0
75,4
75,3
75,2
75,1
75,0
74,4
74,3
74,2
74,1
74,0
4294967294,1074
73,5
73,4
73,3
73,2
73,1
73,0
72,4
72,3
72,2
72,1
72,0
71,4
71,3
71,2
71,1
71,0
70,4
70,3
70,2
70,1
70,0
4294967278,385
69,4
69,3
69,2
69,1
69,0
4294967278,384
4294967278,383
68,4
68,3
68,2
68,1
68,0
4294967279,575
67,4
67,3
67,2
67,1
67,0
4294967279,574
4294967294,1073
66,5
66,4
66,3
66,2
66,1
66,0
4294967279,573
65,4
65,3
65,2
65,1
65,0
4294967278,382
4294967294,1072
64,4
64,3
64,2
64,1
64,0
4294967279,572
63,4
63,3
63,2
63,1
63,0
4294967294,1071
62,5
62,4
62,3
62,2
62,1
62,0
4294967278,381
61,4
61,3
61,2
61,1
61,0
4294967294,1070
60,4
60,3
60,2
60,1
60,0
4294967278,380
4294967278,379
59,4
59,3
59,2
59,1
59,0
4294967294,1069
4294967279,571
58,6
58,5
58,4
58,3
58,2
58,1
58,0
4294967294,1068
57,5
57,4
57,3
57,2
57,1
57,0
4294967279,570
56,4
56,3
56,2
56,1
56,0
55,4
55,3
55,2
55,1
55,0
4294967278,378
4294967279,569
4294967278,377
4294967294,1067
4294967279,568
54,5
54,4
54,3
54,2
54,1
54,0
53,4
53,3
53,2
53,1
53,0
4294967279,567
52,4
52,3
52,2
52,1
52,0
51,4
51,3
51,2
51,1
51,0
4294967279,566
4294967278,376
4294967279,565
4294967294,184
50,5
50,4
50,3
50,2
50,1
50,0
49,4
49,3
49,2
49,1
49,0
48,4
48,3
48,2
48,1
48,0
4294967278,375
4294967278,374
4294967278,373
4294967278,372
47,4
47,3
47,2
47,1
47,0
46,4
46,3
46,2
46,1
46,0
4294967279,564
4294967278,371
45,4
45,3
45,2
45,1
45,0
4294967279,563
4294967279,562
4294967278,370
4294967279,561
44,4
44,3
44,2
44,1
44,0
43,4
43,3
43,2
43,1
43,0
4294967279,560
4294967278,369
42,4
42,3
42,2
42,1
42,0
41,4
41,3
41,2
41,1
41,0
40,4
40,3
40,2
40,1
40,0
4294967278,368
39,4
39,3
39,2
39,1
39,0
4294967278,367
38,4
38,3
38,2
38,1
38,0
37,4
37,3
37,2
37,1
37,0
36,5
36,4
36,3
36,2
36,1
36,0
4294967278,366
35,4
35,3
35,2
35,1
35,0
34,4
34,3
34,2
34,1
34,0
4294967278,365
4294967279,559
33,7
33,6
4294967278,364
4294967279,558
33,5
33,4
33,3
33,2
33,1
33,0
4294967279,557
32,4
32,3
32,2
32,1
32,0
31,5
31,4
31,3
31,2
31,1
31,0
4294967279,556
30,4
30,3
30,2
30,1
